Model,Accuracy,Precision,Recall,F1 Score,ROC AUC Score,Overall MCC
357,0.8908512892970681,0.8886817049356436,0.8908512892970681,0.8848492898045518,0.9371509244831618,0.7984658646055409
